# Objeto OREj: cubo
# Vertices Totales: 8
# Caras Totales: 12
v 0.500000 0.500000 0.000000
v 0.500000 -0.500000 0.000000
v -0.500000 -0.500000 0.000000
v -0.500000 0.500000 0.000000
v 0.500000 0.500000 1.000000
v 0.500000 -0.500000 1.000000
v -0.500000 -0.500000 1.000000
v -0.500000 0.500000 1.000000
f 8 1 5
f 8 4 1
f 8 7 3
f 4 8 3
f 3 6 2
f 3 7 6
f 2 5 1
f 2 6 5
f 7 8 5
f 6 7 5
f 3 2 1
f 4 3 1
t 0.01171875 0.4921875 0.01171875 0.01171875 0.4921875 0.4921875
t 0.01171875 0.01171875 0.4921875 0.01171875 0.4921875 0.4921875
t 0.49609375 0.0078125 0.5 0.5 0.0078125 0.50390625
t 0.49609375 0.0078125 0.0078125 0.50390625 0.00390625 0.01171875
t 0.4921875 0.0078125 0.49609375 0.4921875 0.0078125 0.01171875
t 0.49609375 0.4921875 0.01171875 0.49609375 0.0078125 0.01171875
t 0.515625 0.015625 0.9921875 0.015625 0.515625 0.4921875
t 0.9921875 0.015625 0.9921875 0.4921875 0.515625 0.4921875
t 1.0 0.99609375 0.51171875 0.9921875 0.515625 0.50390625
t 1.0 0.99609375 0.515625 0.50390625 1.00390625 0.5078125
t 0.015625 0.99609375 0.015625 0.51171875 0.5 0.51171875
t 0.015625 0.99609375 0.5 0.51171875 0.5 0.99609375
# FRAME  0
m  1.000000 0.000000 0.000000 0.000000 0.000000 1.000000 0.000000 0.000000 0.000000 0.000000 1.000000 0.000000 -0.010914 0.020751 -0.015152 1.000000
# FRAME  1
m  1.000000 0.000000 0.000000 0.000000 0.000000 1.000000 0.000000 0.000000 0.000000 0.000000 1.000000 0.000000 -0.010914 0.020751 -0.015152 1.000000
# FRAME  2
m  0.991790 0.127877 0.000000 0.000000 -0.127877 0.991790 0.000000 0.000000 0.000000 0.000000 1.000000 0.000000 -0.010914 0.020751 -0.015152 1.000000
# FRAME  3
m  0.967294 0.253654 0.000000 0.000000 -0.253655 0.967295 0.000000 0.000000 0.000000 0.000000 1.000000 0.000000 -0.010914 0.020751 -0.015152 1.000000
# FRAME  4
m  0.926916 0.375267 0.000000 0.000000 -0.375267 0.926917 0.000000 0.000000 0.000000 0.000000 1.000000 0.000000 -0.010914 0.020751 -0.015152 1.000000
# FRAME  5
m  0.871318 0.490717 0.000000 0.000000 -0.490718 0.871319 0.000000 0.000000 0.000000 0.000000 1.000000 0.000000 -0.010914 0.020751 -0.015152 1.000000
# FRAME  6
m  0.801413 0.598110 0.000000 0.000000 -0.598111 0.801414 0.000000 0.000000 0.000000 0.000000 1.000000 0.000000 -0.010914 0.020751 -0.015152 1.000000
# FRAME  7
m  0.718349 0.695682 0.000000 0.000000 -0.695683 0.718349 0.000000 0.000000 0.000000 0.000000 1.000000 0.000000 -0.010914 0.020751 -0.015152 1.000000
# FRAME  8
m  0.623489 0.781831 0.000000 0.000000 -0.781832 0.623490 0.000000 0.000000 0.000000 0.000000 1.000000 0.000000 -0.010914 0.020751 -0.015152 1.000000
# FRAME  9
m  0.518392 0.855142 0.000000 0.000000 -0.855143 0.518393 0.000000 0.000000 0.000000 0.000000 1.000000 0.000000 -0.010914 0.020751 -0.015152 1.000000
# FRAME  10
m  0.404783 0.914412 0.000000 0.000000 -0.914413 0.404783 0.000000 0.000000 0.000000 0.000000 1.000000 0.000000 -0.010914 0.020751 -0.015152 1.000000
# FRAME  11
m  0.284527 0.958667 0.000000 0.000000 -0.958668 0.284528 0.000000 0.000000 0.000000 0.000000 1.000000 0.000000 -0.010914 0.020751 -0.015152 1.000000
# FRAME  12
m  0.159600 0.987181 0.000000 0.000000 -0.987182 0.159600 0.000000 0.000000 0.000000 0.000000 1.000000 0.000000 -0.010914 0.020751 -0.015152 1.000000
# FRAME  13
m  0.032052 0.999486 0.000000 0.000000 -0.999486 0.032052 0.000000 0.000000 0.000000 0.000000 1.000000 0.000000 -0.010914 0.020751 -0.015152 1.000000
# FRAME  14
m  -0.096023 0.995379 0.000000 0.000000 -0.995379 -0.096023 0.000000 0.000000 0.000000 0.000000 1.000000 0.000000 -0.010914 0.020751 -0.015152 1.000000
# FRAME  15
m  -0.222521 0.974927 0.000000 0.000000 -0.974928 -0.222521 0.000000 0.000000 0.000000 0.000000 1.000000 0.000000 -0.010914 0.020751 -0.015152 1.000000
# FRAME  16
m  -0.345365 0.938468 0.000000 0.000000 -0.938468 -0.345365 0.000000 0.000000 0.000000 0.000000 1.000000 0.000000 -0.010914 0.020751 -0.015152 1.000000
# FRAME  17
m  -0.462538 0.886599 0.000000 0.000000 -0.886599 -0.462538 0.000000 0.000000 0.000000 0.000000 1.000000 0.000000 -0.010914 0.020751 -0.015152 1.000000
# FRAME  18
m  -0.572116 0.820172 0.000000 0.000000 -0.820172 -0.572117 0.000000 0.000000 0.000000 0.000000 1.000000 0.000000 -0.010914 0.020751 -0.015152 1.000000
# FRAME  19
m  -0.672301 0.740278 0.000000 0.000000 -0.740278 -0.672301 0.000000 0.000000 0.000000 0.000000 1.000000 0.000000 -0.010914 0.020751 -0.015152 1.000000
# FRAME  20
m  -0.761446 0.648228 0.000000 0.000000 -0.648228 -0.761446 0.000000 0.000000 0.000000 0.000000 1.000000 0.000000 -0.010914 0.020751 -0.015152 1.000000
# FRAME  21
m  -0.838088 0.545535 0.000000 0.000000 -0.545535 -0.838088 0.000000 0.000000 0.000000 0.000000 1.000000 0.000000 -0.010914 0.020751 -0.015152 1.000000
# FRAME  22
m  -0.900968 0.433883 0.000000 0.000000 -0.433884 -0.900969 0.000000 0.000000 0.000000 0.000000 1.000000 0.000000 -0.010914 0.020751 -0.015152 1.000000
# FRAME  23
m  -0.949055 0.315108 0.000000 0.000000 -0.315108 -0.949056 0.000000 0.000000 0.000000 0.000000 1.000000 0.000000 -0.010914 0.020751 -0.015152 1.000000
# FRAME  24
m  -0.981559 0.191159 0.000000 0.000000 -0.191159 -0.981559 0.000000 0.000000 0.000000 0.000000 1.000000 0.000000 -0.010914 0.020751 -0.015152 1.000000
# FRAME  25
m  -0.997945 0.064070 0.000000 0.000000 -0.064070 -0.997945 0.000000 0.000000 0.000000 0.000000 1.000000 0.000000 -0.010914 0.020751 -0.015152 1.000000
# FRAME  26
m  -0.997945 -0.064070 0.000000 0.000000 0.064070 -0.997945 0.000000 0.000000 0.000000 0.000000 1.000000 0.000000 -0.010914 0.020751 -0.015152 1.000000
# FRAME  27
m  -0.981559 -0.191159 0.000000 0.000000 0.191159 -0.981559 0.000000 0.000000 0.000000 0.000000 1.000000 0.000000 -0.010914 0.020751 -0.015152 1.000000
# FRAME  28
m  -0.949055 -0.315108 0.000000 0.000000 0.315108 -0.949056 0.000000 0.000000 0.000000 0.000000 1.000000 0.000000 -0.010914 0.020751 -0.015152 1.000000
# FRAME  29
m  -0.900968 -0.433884 0.000000 0.000000 0.433884 -0.900969 0.000000 0.000000 0.000000 0.000000 1.000000 0.000000 -0.010914 0.020751 -0.015152 1.000000
# FRAME  30
m  -0.838088 -0.545535 0.000000 0.000000 0.545535 -0.838088 0.000000 0.000000 0.000000 0.000000 1.000000 0.000000 -0.010914 0.020751 -0.015152 1.000000
# FRAME  31
m  -0.761446 -0.648228 0.000000 0.000000 0.648228 -0.761446 0.000000 0.000000 0.000000 0.000000 1.000000 0.000000 -0.010914 0.020751 -0.015152 1.000000
# FRAME  32
m  -0.672301 -0.740278 0.000000 0.000000 0.740278 -0.672301 0.000000 0.000000 0.000000 0.000000 1.000000 0.000000 -0.010914 0.020751 -0.015152 1.000000
# FRAME  33
m  -0.572116 -0.820172 0.000000 0.000000 0.820172 -0.572116 0.000000 0.000000 0.000000 0.000000 1.000000 0.000000 -0.010914 0.020751 -0.015152 1.000000
# FRAME  34
m  -0.462538 -0.886599 0.000000 0.000000 0.886599 -0.462538 0.000000 0.000000 0.000000 0.000000 1.000000 0.000000 -0.010914 0.020751 -0.015152 1.000000
# FRAME  35
m  -0.345365 -0.938468 0.000000 0.000000 0.938468 -0.345365 0.000000 0.000000 0.000000 0.000000 1.000000 0.000000 -0.010914 0.020751 -0.015152 1.000000
# FRAME  36
m  -0.222521 -0.974927 0.000000 0.000000 0.974928 -0.222521 0.000000 0.000000 0.000000 0.000000 1.000000 0.000000 -0.010914 0.020751 -0.015152 1.000000
# FRAME  37
m  -0.096023 -0.995379 0.000000 0.000000 0.995379 -0.096023 0.000000 0.000000 0.000000 0.000000 1.000000 0.000000 -0.010914 0.020751 -0.015152 1.000000
# FRAME  38
m  0.032052 -0.999486 0.000000 0.000000 0.999486 0.032052 0.000000 0.000000 0.000000 0.000000 1.000000 0.000000 -0.010914 0.020751 -0.015152 1.000000
# FRAME  39
m  0.159600 -0.987181 0.000000 0.000000 0.987182 0.159600 0.000000 0.000000 0.000000 0.000000 1.000000 0.000000 -0.010914 0.020751 -0.015152 1.000000
# FRAME  40
m  0.284528 -0.958667 0.000000 0.000000 0.958668 0.284528 0.000000 0.000000 0.000000 0.000000 1.000000 0.000000 -0.010914 0.020751 -0.015152 1.000000
# FRAME  41
m  0.404783 -0.914412 0.000000 0.000000 0.914413 0.404783 0.000000 0.000000 0.000000 0.000000 1.000000 0.000000 -0.010914 0.020751 -0.015152 1.000000
# FRAME  42
m  0.518393 -0.855142 0.000000 0.000000 0.855143 0.518393 0.000000 0.000000 0.000000 0.000000 1.000000 0.000000 -0.010914 0.020751 -0.015152 1.000000
# FRAME  43
m  0.623490 -0.781831 0.000000 0.000000 0.781831 0.623490 0.000000 0.000000 0.000000 0.000000 1.000000 0.000000 -0.010914 0.020751 -0.015152 1.000000
# FRAME  44
m  0.718349 -0.695682 0.000000 0.000000 0.695682 0.718350 0.000000 0.000000 0.000000 0.000000 1.000000 0.000000 -0.010914 0.020751 -0.015152 1.000000
# FRAME  45
m  0.801413 -0.598110 0.000000 0.000000 0.598110 0.801414 0.000000 0.000000 0.000000 0.000000 1.000000 0.000000 -0.010914 0.020751 -0.015152 1.000000
# FRAME  46
m  0.871318 -0.490717 0.000000 0.000000 0.490718 0.871319 0.000000 0.000000 0.000000 0.000000 1.000000 0.000000 -0.010914 0.020751 -0.015152 1.000000
# FRAME  47
m  0.926916 -0.375267 0.000000 0.000000 0.375267 0.926917 0.000000 0.000000 0.000000 0.000000 1.000000 0.000000 -0.010914 0.020751 -0.015152 1.000000
# FRAME  48
m  0.967294 -0.253654 0.000000 0.000000 0.253654 0.967295 0.000000 0.000000 0.000000 0.000000 1.000000 0.000000 -0.010914 0.020751 -0.015152 1.000000
# FRAME  49
m  0.991790 -0.127877 0.000000 0.000000 0.127877 0.991790 0.000000 0.000000 0.000000 0.000000 1.000000 0.000000 -0.010914 0.020751 -0.015152 1.000000
